1.0 0.056 0.643 -0.296 0.371 -0.277 0.15 0.524 0.481 0.595 -0.539 0.698 -0.31 -0.009 0.75 -0.603 -0.295 0.647
0.056 1.0 0.573 0.45 0.251 0.344 0.741 0.679 0.337 0.658 0.011 0.594 0.059 0.207 0.584 0.19 0.666 0.672
0.643 0.573 1.0 0.141 0.063 -0.23 0.711 0.88 0.26 0.607 -0.653 0.656 0.16 -0.255 0.873 -0.568 0.114 0.697
-0.296 0.45 0.141 1.0 0.059 0.323 0.159 0.159 0.102 0.155 0.009 0.066 -0.054 0.312 0.103 0.312 0.447 0.06
0.371 0.251 0.063 0.059 1.0 0.374 -0.049 0.14 0.859 0.75 0.115 0.612 -0.693 0.793 0.47 0.367 0.193 0.481
-0.277 0.344 -0.23 0.323 0.374 1.0 0.007 0.099 0.281 0.274 0.321 0.066 -0.057 0.551 -0.05 0.503 0.578 -0.058
0.15 0.741 0.711 0.159 -0.049 0.007 1.0 0.71 0.149 0.435 -0.227 0.502 0.373 -0.151 0.583 -0.117 0.391 0.644
0.524 0.679 0.88 0.159 0.14 0.099 0.71 1.0 0.29 0.681 -0.463 0.636 0.208 -0.103 0.83 -0.431 0.268 0.661
0.481 0.337 0.26 0.102 0.859 0.281 0.149 0.29 1.0 0.741 0.004 0.717 -0.559 0.697 0.63 0.169 0.268 0.615
0.595 0.658 0.607 0.155 0.75 0.274 0.435 0.681 0.741 1.0 -0.185 0.898 -0.434 0.426 0.832 0.01 0.32 0.828
-0.539 0.011 -0.653 0.009 0.115 0.321 -0.227 -0.463 0.004 -0.185 1.0 -0.161 -0.205 0.399 -0.527 0.727 0.421 -0.157
0.698 0.594 0.656 0.066 0.612 0.066 0.502 0.636 0.717 0.898 -0.161 1.0 -0.439 0.336 0.835 -0.102 0.265 0.924
-0.31 0.059 0.16 -0.054 -0.693 -0.057 0.373 0.208 -0.559 -0.434 -0.205 -0.439 1.0 -0.667 -0.21 -0.342 0.138 -0.322
-0.009 0.207 -0.255 0.312 0.793 0.551 -0.151 -0.103 0.697 0.426 0.399 0.336 -0.667 1.0 0.157 0.658 0.28 0.249
0.75 0.584 0.873 0.103 0.47 -0.05 0.583 0.83 0.63 0.832 -0.527 0.835 -0.21 0.157 1.0 -0.368 0.076 0.841
-0.603 0.19 -0.568 0.312 0.367 0.503 -0.117 -0.431 0.169 0.01 0.727 -0.102 -0.342 0.658 -0.368 1.0 0.443 -0.085
-0.295 0.666 0.114 0.447 0.193 0.578 0.391 0.268 0.268 0.32 0.421 0.265 0.138 0.28 0.076 0.443 1.0 0.203
0.647 0.672 0.697 0.06 0.481 -0.058 0.644 0.661 0.615 0.828 -0.157 0.924 -0.322 0.249 0.841 -0.085 0.203 1.0

2017-й год 1-й квартал
1.0 0.853 0.322 0.317 0.776 -0.266 0.751 0.791 0.888 0.019 0.628 0.423 -0.342 0.672 0.841 0.888 0.774 0.129
0.853 1.0 0.156 0.298 0.784 -0.503 0.797 0.661 0.839 -0.081 0.357 0.18 -0.485 0.661 0.683 0.836 0.786 0.015
0.322 0.156 1.0 0.216 -0.221 0.52 0.096 -0.059 0.225 0.699 0.602 0.13 -0.009 0.653 0.09 -0.008 -0.24 0.514
0.317 0.298 0.216 1.0 0.218 0.155 0.237 0.286 0.234 0.295 0.287 0.249 -0.038 0.203 0.297 0.222 0.257 -0.068
0.776 0.784 -0.221 0.218 1.0 -0.611 0.828 0.875 0.848 -0.458 0.286 0.433 -0.293 0.3 0.793 0.936 0.96 -0.219
-0.266 -0.503 0.52 0.155 -0.611 1.0 -0.393 -0.416 -0.368 0.442 0.249 -0.01 0.433 0.066 -0.387 -0.504 -0.558 0.382
0.751 0.797 0.096 0.237 0.828 -0.393 1.0 0.647 0.903 -0.233 0.43 0.342 -0.252 0.557 0.578 0.828 0.745 0.076
0.791 0.661 -0.059 0.286 0.875 -0.416 0.647 1.0 0.801 -0.318 0.528 0.657 -0.076 0.335 0.898 0.914 0.883 -0.041
0.888 0.839 0.225 0.234 0.848 -0.368 0.903 0.801 1.0 -0.178 0.561 0.439 -0.25 0.638 0.759 0.913 0.797 0.155
0.019 -0.081 0.699 0.295 -0.458 0.442 -0.233 -0.318 -0.178 1.0 0.251 0.034 -0.242 0.265 -0.061 -0.295 -0.463 0.262
0.628 0.357 0.602 0.287 0.286 0.249 0.43 0.528 0.561 0.251 1.0 0.55 0.135 0.672 0.495 0.496 0.274 0.36
0.423 0.18 0.13 0.249 0.433 -0.01 0.342 0.657 0.439 0.034 0.55 1.0 0.21 0.119 0.632 0.489 0.37 0.146
-0.342 -0.485 -0.009 -0.038 -0.293 0.433 -0.252 -0.076 -0.25 -0.242 0.135 0.21 1.0 -0.207 -0.302 -0.269 -0.248 0.301
0.672 0.661 0.653 0.203 0.3 0.066 0.557 0.335 0.638 0.265 0.672 0.119 -0.207 1.0 0.398 0.491 0.287 0.514
0.841 0.683 0.09 0.297 0.793 -0.387 0.578 0.898 0.759 -0.061 0.495 0.632 -0.302 0.398 1.0 0.852 0.795 -0.015
0.888 0.836 -0.008 0.222 0.936 -0.504 0.828 0.914 0.913 -0.295 0.496 0.489 -0.269 0.491 0.852 1.0 0.92 -0.017
0.774 0.786 -0.24 0.257 0.96 -0.558 0.745 0.883 0.797 -0.463 0.274 0.37 -0.248 0.287 0.795 0.92 1.0 -0.232
0.129 0.015 0.514 -0.068 -0.219 0.382 0.076 -0.041 0.155 0.262 0.36 0.146 0.301 0.514 -0.015 -0.017 -0.232 1.0

2017-й год 2-й квартал
1.0 0.488 -0.229 0.741 0.9 -0.625 0.365 0.52 0.679 0.516 0.185 0.719 -0.397 0.751 0.838 0.595 0.006 -0.071
0.488 1.0 -0.863 0.179 0.477 -0.708 0.283 0.778 0.609 0.969 -0.045 0.751 -0.676 0.773 0.269 0.792 -0.676 -0.819
-0.229 -0.863 1.0 0.062 -0.248 0.595 -0.191 -0.581 -0.381 -0.796 0.303 -0.589 0.709 -0.588 -0.066 -0.576 0.796 0.858
0.741 0.179 0.062 1.0 0.698 -0.32 0.534 0.426 0.403 0.249 0.266 0.59 -0.229 0.59 0.853 0.413 0.354 0.045
0.9 0.477 -0.248 0.698 1.0 -0.662 0.332 0.552 0.778 0.515 0.163 0.759 -0.47 0.766 0.797 0.587 0.029 -0.045
-0.625 -0.708 0.595 -0.32 -0.662 1.0 -0.29 -0.773 -0.615 -0.666 -0.098 -0.824 0.694 -0.734 -0.528 -0.769 0.418 0.486
0.365 0.283 -0.191 0.534 0.332 -0.29 1.0 0.404 0.06 0.393 0.235 0.524 -0.24 0.572 0.558 0.493 0.052 -0.386
0.52 0.778 -0.581 0.426 0.552 -0.773 0.404 1.0 0.581 0.757 0.319 0.865 -0.666 0.808 0.495 0.884 -0.293 -0.626
0.679 0.609 -0.381 0.403 0.778 -0.615 0.06 0.581 1.0 0.612 0.09 0.622 -0.424 0.731 0.431 0.59 -0.267 -0.261
0.516 0.969 -0.796 0.249 0.515 -0.666 0.393 0.757 0.612 1.0 -0.079 0.752 -0.631 0.812 0.325 0.782 -0.637 -0.794
0.185 -0.045 0.303 0.266 0.163 -0.098 0.235 0.319 0.09 -0.079 1.0 0.115 0.215 0.134 0.206 0.333 0.484 0.125
0.719 0.751 -0.589 0.59 0.759 -0.824 0.524 0.865 0.622 0.752 0.115 1.0 -0.776 0.872 0.709 0.865 -0.253 -0.518
-0.397 -0.676 0.709 -0.229 -0.47 0.694 -0.24 -0.666 -0.424 -0.631 0.215 -0.776 1.0 -0.57 -0.388 -0.593 0.418 0.531
0.751 0.773 -0.588 0.59 0.766 -0.734 0.572 0.808 0.731 0.812 0.134 0.872 -0.57 1.0 0.687 0.835 -0.298 -0.57
0.838 0.269 -0.066 0.853 0.797 -0.528 0.558 0.495 0.431 0.325 0.206 0.709 -0.388 0.687 1.0 0.471 0.276 0.037
0.595 0.792 -0.576 0.413 0.587 -0.769 0.493 0.884 0.59 0.782 0.333 0.865 -0.593 0.835 0.471 1.0 -0.336 -0.637
0.006 -0.676 0.796 0.354 0.029 0.418 0.052 -0.293 -0.267 -0.637 0.484 -0.253 0.418 -0.298 0.276 -0.336 1.0 0.78
-0.071 -0.819 0.858 0.045 -0.045 0.486 -0.386 -0.626 -0.261 -0.794 0.125 -0.518 0.531 -0.57 0.037 -0.637 0.78 1.0

2017-й год 3-й квартал
1.0 -0.204 0.457 -0.019 0.608 -0.828 0.521 -0.179 -0.023 -0.587 -0.655 0.487 -0.102 -0.519 -0.715 -0.646 -0.48 -0.327
-0.204 1.0 -0.66 -0.118 0.509 0.47 0.221 0.683 0.511 0.79 0.208 0.324 0.904 0.146 0.544 0.529 0.547 0.246
0.457 -0.66 1.0 -0.046 -0.194 -0.657 0.16 -0.728 -0.274 -0.841 -0.422 -0.292 -0.56 -0.362 -0.695 -0.544 -0.784 -0.32
-0.019 -0.118 -0.046 1.0 -0.074 0.026 -0.025 -0.029 -0.18 0.025 0.127 -0.1 -0.144 0.187 0.079 0.103 -0.083 -0.063
0.608 0.509 -0.194 -0.074 1.0 -0.197 0.603 0.56 0.479 0.215 -0.239 0.676 0.584 -0.211 -0.009 -0.01 0.155 0.059
-0.828 0.47 -0.657 0.026 -0.197 1.0 -0.337 0.527 0.441 0.817 0.766 -0.207 0.412 0.514 0.918 0.748 0.739 0.544
0.521 0.221 0.16 -0.025 0.603 -0.337 1.0 0.184 0.134 -0.053 -0.396 0.383 0.336 0.145 -0.2 -0.147 -0.297 -0.173
-0.179 0.683 -0.728 -0.029 0.56 0.527 0.184 1.0 0.513 0.745 0.366 0.504 0.667 0.264 0.629 0.505 0.718 0.28
-0.023 0.511 -0.274 -0.18 0.479 0.441 0.134 0.513 1.0 0.445 0.243 0.337 0.566 -0.026 0.426 0.275 0.515 0.588
-0.587 0.79 -0.841 0.025 0.215 0.817 -0.053 0.745 0.445 1.0 0.603 0.018 0.724 0.469 0.899 0.847 0.752 0.532
-0.655 0.208 -0.422 0.127 -0.239 0.766 -0.396 0.366 0.243 0.603 1.0 -0.447 0.101 0.372 0.795 0.774 0.463 0.512
0.487 0.324 -0.292 -0.1 0.676 -0.207 0.383 0.504 0.337 0.018 -0.447 1.0 0.383 -0.195 -0.208 -0.384 0.267 -0.221
-0.102 0.904 -0.56 -0.144 0.584 0.412 0.336 0.667 0.566 0.724 0.101 0.383 1.0 0.207 0.491 0.447 0.547 0.292
-0.519 0.146 -0.362 0.187 -0.211 0.514 0.145 0.264 -0.026 0.469 0.372 -0.195 0.207 1.0 0.542 0.457 0.21 0.185
-0.715 0.544 -0.695 0.079 -0.009 0.918 -0.2 0.629 0.426 0.899 0.795 -0.208 0.491 0.542 1.0 0.898 0.745 0.635
-0.646 0.529 -0.544 0.103 -0.01 0.748 -0.147 0.505 0.275 0.847 0.774 -0.384 0.447 0.457 0.898 1.0 0.551 0.601
-0.48 0.547 -0.784 -0.083 0.155 0.739 -0.297 0.718 0.515 0.752 0.463 0.267 0.547 0.21 0.745 0.551 1.0 0.563
-0.327 0.246 -0.32 -0.063 0.059 0.544 -0.173 0.28 0.588 0.532 0.512 -0.221 0.292 0.185 0.635 0.601 0.563 1.0

2017-й год 4-й квартал
1.0 0.435 0.631 0.455 -0.605 -0.516 0.202 -0.61 0.13 0.322 -0.312 -0.107 0.266 0.601 -0.573 0.253 -0.615 -0.025
0.435 1.0 0.736 0.791 -0.76 -0.225 0.756 -0.763 -0.002 0.737 -0.345 -0.482 0.279 0.36 -0.748 0.17 -0.691 -0.355
0.631 0.736 1.0 0.817 -0.845 -0.298 0.44 -0.882 0.274 0.539 -0.579 -0.523 0.274 0.716 -0.831 0.429 -0.846 -0.173
0.455 0.791 0.817 1.0 -0.778 -0.223 0.508 -0.793 0.174 0.538 -0.445 -0.439 0.316 0.561 -0.877 0.303 -0.732 -0.364
-0.605 -0.76 -0.845 -0.778 1.0 0.585 -0.363 0.926 0.167 -0.42 0.275 0.541 -0.381 -0.394 0.906 -0.156 0.919 0.24
-0.516 -0.225 -0.298 -0.223 0.585 1.0 0.126 0.58 0.637 0.178 -0.385 -0.065 -0.394 0.063 0.515 0.255 0.582 0.413
0.202 0.756 0.44 0.508 -0.363 0.126 1.0 -0.438 0.081 0.814 -0.409 -0.427 0.076 0.158 -0.377 0.213 -0.372 -0.329
-0.61 -0.763 -0.882 -0.793 0.926 0.58 -0.438 1.0 0.133 -0.432 0.302 0.526 -0.347 -0.433 0.925 -0.289 0.957 0.423
0.13 -0.002 0.274 0.174 0.167 0.637 0.081 0.133 1.0 0.272 -0.731 -0.119 -0.231 0.69 0.087 0.467 0.148 0.411
0.322 0.737 0.539 0.538 -0.42 0.178 0.814 -0.432 0.272 1.0 -0.548 -0.462 -0.112 0.273 -0.351 0.298 -0.455 -0.116
-0.312 -0.345 -0.579 -0.445 0.275 -0.385 -0.409 0.302 -0.731 -0.548 1.0 0.585 0.18 -0.668 0.318 -0.417 0.315 -0.197
-0.107 -0.482 -0.523 -0.439 0.541 -0.065 -0.427 0.526 -0.119 -0.462 0.585 1.0 0.173 -0.182 0.487 -0.312 0.554 -0.061
0.266 0.279 0.274 0.316 -0.381 -0.394 0.076 -0.347 -0.231 -0.112 0.18 0.173 1.0 0.203 -0.356 0.015 -0.204 -0.193
0.601 0.36 0.716 0.561 -0.394 0.063 0.158 -0.433 0.69 0.273 -0.668 -0.182 0.203 1.0 -0.479 0.489 -0.38 0.101
-0.573 -0.748 -0.831 -0.877 0.906 0.515 -0.377 0.925 0.087 -0.351 0.318 0.487 -0.356 -0.479 1.0 -0.277 0.884 0.335
0.253 0.17 0.429 0.303 -0.156 0.255 0.213 -0.289 0.467 0.298 -0.417 -0.312 0.015 0.489 -0.277 1.0 -0.279 0.221
-0.615 -0.691 -0.846 -0.732 0.919 0.582 -0.372 0.957 0.148 -0.455 0.315 0.554 -0.204 -0.38 0.884 -0.279 1.0 0.336
-0.025 -0.355 -0.173 -0.364 0.24 0.413 -0.329 0.423 0.411 -0.116 -0.197 -0.061 -0.193 0.101 0.335 0.221 0.336 1.0

2018-й год 1-й квартал
1.0 -0.623 0.604 0.234 0.036 0.808 0.539 0.544 0.674 0.673 -0.237 0.89 0.018 0.062 0.705 -0.542 0.914 0.898
-0.623 1.0 -0.346 -0.117 0.328 -0.484 -0.23 -0.12 -0.432 -0.31 0.574 -0.656 0.11 0.492 -0.339 0.661 -0.542 -0.444
0.604 -0.346 1.0 0.346 -0.21 0.814 0.694 0.263 0.583 0.249 -0.159 0.399 0.565 0.074 0.231 -0.673 0.476 0.478
0.234 -0.117 0.346 1.0 -0.041 0.305 0.535 0.02 0.35 0.276 -0.066 0.157 0.205 0.106 0.287 -0.252 0.206 0.277
0.036 0.328 -0.21 -0.041 1.0 -0.038 0.039 0.715 0.328 0.292 0.562 -0.009 -0.453 0.511 0.118 0.522 0.306 0.09
0.808 -0.484 0.814 0.305 -0.038 1.0 0.787 0.461 0.716 0.592 -0.258 0.654 0.334 0.186 0.606 -0.618 0.794 0.748
0.539 -0.23 0.694 0.535 0.039 0.787 1.0 0.374 0.74 0.539 -0.111 0.385 0.35 0.297 0.493 -0.455 0.576 0.592
0.544 -0.12 0.263 0.02 0.715 0.461 0.374 1.0 0.605 0.503 0.278 0.473 -0.297 0.367 0.386 0.104 0.704 0.505
0.674 -0.432 0.583 0.35 0.328 0.716 0.74 0.605 1.0 0.651 -0.004 0.58 -0.017 0.077 0.472 -0.413 0.784 0.634
0.673 -0.31 0.249 0.276 0.292 0.592 0.539 0.503 0.651 1.0 -0.004 0.708 -0.079 0.316 0.857 -0.027 0.792 0.831
-0.237 0.574 -0.159 -0.066 0.562 -0.258 -0.111 0.278 -0.004 -0.004 1.0 -0.3 -0.076 0.44 -0.267 0.58 -0.098 -0.103
0.89 -0.656 0.399 0.157 -0.009 0.654 0.385 0.473 0.58 0.708 -0.3 1.0 -0.046 -0.068 0.782 -0.422 0.868 0.871
0.018 0.11 0.565 0.205 -0.453 0.334 0.35 -0.297 -0.017 -0.079 -0.076 -0.046 1.0 0.155 0.014 -0.352 -0.09 0.101
0.062 0.492 0.074 0.106 0.511 0.186 0.297 0.367 0.077 0.316 0.44 -0.068 0.155 1.0 0.248 0.4 0.182 0.229
0.705 -0.339 0.231 0.287 0.118 0.606 0.493 0.386 0.472 0.857 -0.267 0.782 0.014 0.248 1.0 -0.147 0.768 0.864
-0.542 0.661 -0.673 -0.252 0.522 -0.618 -0.455 0.104 -0.413 -0.027 0.58 -0.422 -0.352 0.4 -0.147 1.0 -0.379 -0.351
0.914 -0.542 0.476 0.206 0.306 0.794 0.576 0.704 0.784 0.792 -0.098 0.868 -0.09 0.182 0.768 -0.379 1.0 0.905
0.898 -0.444 0.478 0.277 0.09 0.748 0.592 0.505 0.634 0.831 -0.103 0.871 0.101 0.229 0.864 -0.351 0.905 1.0

2018-й год 2-й квартал
1.0 -0.636 -0.27 0.026 -0.375 -0.043 0.19 0.424 -0.361 -0.463 0.123 0.655 0.612 -0.546 -0.171 0.119 0.207 0.281
-0.636 1.0 0.462 0.284 0.49 0.094 0.151 -0.207 0.748 0.884 -0.256 -0.688 -0.635 0.88 0.779 -0.172 -0.312 -0.147
-0.27 0.462 1.0 0.196 -0.261 -0.483 0.523 -0.711 0.192 0.269 -0.54 -0.41 -0.553 0.36 0.463 -0.604 -0.708 0.349
0.026 0.284 0.196 1.0 0.161 -0.338 0.072 -0.044 0.36 0.187 -0.477 -0.236 -0.334 0.266 0.367 -0.383 -0.067 -0.187
-0.375 0.49 -0.261 0.161 1.0 0.521 -0.309 0.541 0.518 0.64 0.259 -0.248 -0.193 0.608 0.285 0.403 0.511 -0.516
-0.043 0.094 -0.483 -0.338 0.521 1.0 -0.054 0.635 0.039 0.32 0.869 0.359 0.4 0.021 0.019 0.878 0.467 -0.178
0.19 0.151 0.523 0.072 -0.309 -0.054 1.0 -0.215 -0.098 0.07 -0.075 0.284 0.202 -0.052 0.521 -0.252 -0.614 0.657
0.424 -0.207 -0.711 -0.044 0.541 0.635 -0.215 1.0 0.046 0.106 0.591 0.494 0.534 -0.104 -0.04 0.676 0.774 -0.189
-0.361 0.748 0.192 0.36 0.518 0.039 -0.098 0.046 1.0 0.707 -0.274 -0.601 -0.611 0.841 0.629 -0.069 0.051 -0.291
-0.463 0.884 0.269 0.187 0.64 0.32 0.07 0.106 0.707 1.0 -0.008 -0.536 -0.484 0.828 0.713 0.091 -0.064 -0.208
0.123 -0.256 -0.54 -0.477 0.259 0.869 -0.075 0.591 -0.274 -0.008 1.0 0.601 0.569 -0.325 -0.32 0.922 0.541 -0.106
0.655 -0.688 -0.41 -0.236 -0.248 0.359 0.284 0.494 -0.601 -0.536 0.601 1.0 0.857 -0.763 -0.358 0.494 0.324 0.293
0.612 -0.635 -0.553 -0.334 -0.193 0.4 0.202 0.534 -0.611 -0.484 0.569 0.857 1.0 -0.69 -0.307 0.469 0.251 0.351
-0.546 0.88 0.36 0.266 0.608 0.021 -0.052 -0.104 0.841 0.828 -0.325 -0.763 -0.69 1.0 0.699 -0.195 -0.14 -0.272
-0.171 0.779 0.463 0.367 0.285 0.019 0.521 -0.04 0.629 0.713 -0.32 -0.358 -0.307 0.699 1.0 -0.29 -0.435 0.246
0.119 -0.172 -0.604 -0.383 0.403 0.878 -0.252 0.676 -0.069 0.091 0.922 0.494 0.469 -0.195 -0.29 1.0 0.699 -0.261
0.207 -0.312 -0.708 -0.067 0.511 0.467 -0.614 0.774 0.051 -0.064 0.541 0.324 0.251 -0.14 -0.435 0.699 1.0 -0.545
0.281 -0.147 0.349 -0.187 -0.516 -0.178 0.657 -0.189 -0.291 -0.208 -0.106 0.293 0.351 -0.272 0.246 -0.261 -0.545 1.0

2018-й год 3-й квартал
1.0 0.115 0.074 -0.189 0.766 -0.076 -0.445 0.474 0.013 0.693 0.575 0.484 -0.328 -0.17 0.14 0.224 0.312 -0.032
0.115 1.0 0.68 0.729 -0.159 0.892 0.616 -0.411 0.843 0.611 -0.253 -0.644 -0.538 0.762 0.892 -0.659 -0.652 0.728
0.074 0.68 1.0 0.806 -0.432 0.691 0.712 -0.626 0.812 0.578 -0.462 -0.706 -0.726 0.838 0.803 -0.796 -0.833 0.74
-0.189 0.729 0.806 1.0 -0.577 0.793 0.739 -0.69 0.771 0.37 -0.513 -0.857 -0.675 0.93 0.812 -0.838 -0.878 0.83
0.766 -0.159 -0.432 -0.577 1.0 -0.384 -0.733 0.837 -0.359 0.367 0.796 0.781 0.058 -0.561 -0.237 0.604 0.745 -0.403
-0.076 0.892 0.691 0.793 -0.384 1.0 0.721 -0.602 0.872 0.473 -0.442 -0.79 -0.534 0.813 0.904 -0.762 -0.792 0.777
-0.445 0.616 0.712 0.739 -0.733 0.721 1.0 -0.746 0.746 0.085 -0.822 -0.905 -0.299 0.783 0.65 -0.829 -0.855 0.564
0.474 -0.411 -0.626 -0.69 0.837 -0.602 -0.746 1.0 -0.681 0.03 0.817 0.874 0.291 -0.718 -0.551 0.797 0.902 -0.581
0.013 0.843 0.812 0.771 -0.359 0.872 0.746 -0.681 1.0 0.547 -0.548 -0.805 -0.63 0.839 0.908 -0.868 -0.841 0.734
0.693 0.611 0.578 0.37 0.367 0.473 0.085 0.03 0.547 1.0 0.257 -0.106 -0.664 0.397 0.636 -0.283 -0.24 0.504
0.575 -0.253 -0.462 -0.513 0.796 -0.442 -0.822 0.817 -0.548 0.257 1.0 0.796 0.105 -0.546 -0.35 0.781 0.77 -0.25
0.484 -0.644 -0.706 -0.857 0.781 -0.79 -0.905 0.874 -0.805 -0.106 0.796 1.0 0.424 -0.845 -0.712 0.899 0.943 -0.702
-0.328 -0.538 -0.726 -0.675 0.058 -0.534 -0.299 0.291 -0.63 -0.664 0.105 0.424 1.0 -0.655 -0.699 0.611 0.557 -0.642
-0.17 0.762 0.838 0.93 -0.561 0.813 0.783 -0.718 0.839 0.397 -0.546 -0.845 -0.655 1.0 0.878 -0.847 -0.883 0.865
0.14 0.892 0.803 0.812 -0.237 0.904 0.65 -0.551 0.908 0.636 -0.35 -0.712 -0.699 0.878 1.0 -0.784 -0.763 0.848
0.224 -0.659 -0.796 -0.838 0.604 -0.762 -0.829 0.797 -0.868 -0.283 0.781 0.899 0.611 -0.847 -0.784 1.0 0.937 -0.662
0.312 -0.652 -0.833 -0.878 0.745 -0.792 -0.855 0.902 -0.841 -0.24 0.77 0.943 0.557 -0.883 -0.763 0.937 1.0 -0.734
-0.032 0.728 0.74 0.83 -0.403 0.777 0.564 -0.581 0.734 0.504 -0.25 -0.702 -0.642 0.865 0.848 -0.662 -0.734 1.0

2018-й год 4-й квартал
1.0 0.584 0.361 0.266 0.386 0.419 0.312 0.076 0.699 0.59 0.648 0.452 -0.249 0.556 0.656 0.622 0.526 0.545
0.584 1.0 0.382 0.19 0.772 0.145 0.616 0.275 0.641 0.395 0.648 0.673 -0.225 0.53 0.406 0.477 0.508 0.656
0.361 0.382 1.0 0.036 0.293 0.622 0.013 0.011 0.255 -0.253 0.18 0.676 0.088 -0.117 0.45 -0.126 -0.321 0.261
0.266 0.19 0.036 1.0 0.284 0.126 0.59 0.026 0.528 0.408 0.283 0.021 -0.859 0.396 0.291 0.427 0.346 0.163
0.386 0.772 0.293 0.284 1.0 -0.043 0.774 0.156 0.659 0.388 0.704 0.666 -0.383 0.635 0.187 0.558 0.515 0.752
0.419 0.145 0.622 0.126 -0.043 1.0 -0.108 0.311 0.183 -0.176 -0.087 0.293 0.082 -0.222 0.692 -0.189 -0.118 0.08
0.312 0.616 0.013 0.59 0.774 -0.108 1.0 0.122 0.737 0.52 0.678 0.313 -0.728 0.726 0.215 0.633 0.659 0.538
0.076 0.275 0.011 0.026 0.156 0.311 0.122 1.0 -0.078 -0.232 -0.141 0.002 0.013 -0.151 0.193 -0.245 0.287 -0.008
0.699 0.641 0.255 0.528 0.659 0.183 0.737 -0.078 1.0 0.772 0.844 0.52 -0.593 0.827 0.59 0.834 0.681 0.684
0.59 0.395 -0.253 0.408 0.388 -0.176 0.52 -0.232 0.772 1.0 0.698 0.115 -0.536 0.853 0.371 0.913 0.781 0.531
0.648 0.648 0.18 0.283 0.704 -0.087 0.678 -0.141 0.844 0.698 1.0 0.591 -0.436 0.896 0.306 0.853 0.67 0.765
0.452 0.673 0.676 0.021 0.666 0.293 0.313 0.002 0.52 0.115 0.591 1.0 0.013 0.311 0.327 0.269 0.087 0.674
-0.249 -0.225 0.088 -0.859 -0.383 0.082 -0.728 0.013 -0.593 -0.536 -0.436 0.013 1.0 -0.571 -0.236 -0.547 -0.493 -0.261
0.556 0.53 -0.117 0.396 0.635 -0.222 0.726 -0.151 0.827 0.853 0.896 0.311 -0.571 1.0 0.23 0.957 0.838 0.718
0.656 0.406 0.45 0.291 0.187 0.692 0.215 0.193 0.59 0.371 0.306 0.327 -0.236 0.23 1.0 0.272 0.326 0.371
0.622 0.477 -0.126 0.427 0.558 -0.189 0.633 -0.245 0.834 0.913 0.853 0.269 -0.547 0.957 0.272 1.0 0.801 0.672
0.526 0.508 -0.321 0.346 0.515 -0.118 0.659 0.287 0.681 0.781 0.67 0.087 -0.493 0.838 0.326 0.801 1.0 0.573
0.545 0.656 0.261 0.163 0.752 0.08 0.538 -0.008 0.684 0.531 0.765 0.674 -0.261 0.718 0.371 0.672 0.573 1.0

2019-й год 1-й квартал
1.0 -0.636 0.806 -0.182 0.682 -0.336 -0.513 -0.794 -0.306 -0.047 -0.743 0.696 0.591 0.326 -0.24 -0.713 -0.246 -0.773
-0.636 1.0 -0.411 0.686 -0.197 0.662 0.806 0.771 0.794 0.6 0.488 -0.532 -0.904 0.347 0.761 0.757 0.616 0.885
0.806 -0.411 1.0 0.004 0.697 -0.143 -0.3 -0.724 0.007 0.102 -0.751 0.696 0.296 0.35 -0.004 -0.651 -0.011 -0.548
-0.182 0.686 0.004 1.0 0.058 0.501 0.697 0.512 0.724 0.67 0.172 -0.271 -0.67 0.502 0.699 0.5 0.397 0.597
0.682 -0.197 0.697 0.058 1.0 0.053 -0.061 -0.619 0.024 0.201 -0.698 0.655 0.21 0.54 0.211 -0.319 0.365 -0.389
-0.336 0.662 -0.143 0.501 0.053 1.0 0.625 0.382 0.396 0.367 0.122 -0.251 -0.705 0.537 0.53 0.532 0.579 0.53
-0.513 0.806 -0.3 0.697 -0.061 0.625 1.0 0.694 0.615 0.655 0.406 -0.408 -0.755 0.343 0.839 0.624 0.639 0.78
-0.794 0.771 -0.724 0.512 -0.619 0.382 0.694 1.0 0.524 0.397 0.867 -0.766 -0.746 0.024 0.508 0.814 0.219 0.882
-0.306 0.794 0.007 0.724 0.024 0.396 0.615 0.524 1.0 0.676 0.231 -0.319 -0.768 0.383 0.761 0.463 0.449 0.689
-0.047 0.6 0.102 0.67 0.201 0.367 0.655 0.397 0.676 1.0 0.196 -0.254 -0.569 0.499 0.753 0.286 0.336 0.543
-0.743 0.488 -0.751 0.172 -0.698 0.122 0.406 0.867 0.231 0.196 1.0 -0.75 -0.514 -0.188 0.2 0.712 -0.063 0.729
0.696 -0.532 0.696 -0.271 0.655 -0.251 -0.408 -0.766 -0.319 -0.254 -0.75 1.0 0.488 0.23 -0.172 -0.556 0.13 -0.717
0.591 -0.904 0.296 -0.67 0.21 -0.705 -0.755 -0.746 -0.768 -0.569 -0.514 0.488 1.0 -0.445 -0.765 -0.758 -0.536 -0.869
0.326 0.347 0.35 0.502 0.54 0.537 0.343 0.024 0.383 0.499 -0.188 0.23 -0.445 1.0 0.617 0.236 0.497 0.145
-0.24 0.761 -0.004 0.699 0.211 0.53 0.839 0.508 0.761 0.753 0.2 -0.172 -0.765 0.617 1.0 0.489 0.679 0.637
-0.713 0.757 -0.651 0.5 -0.319 0.532 0.624 0.814 0.463 0.286 0.712 -0.556 -0.758 0.236 0.489 1.0 0.419 0.833
-0.246 0.616 -0.011 0.397 0.365 0.579 0.639 0.219 0.449 0.336 -0.063 0.13 -0.536 0.497 0.679 0.419 1.0 0.378
-0.773 0.885 -0.548 0.597 -0.389 0.53 0.78 0.882 0.689 0.543 0.729 -0.717 -0.869 0.145 0.637 0.833 0.378 1.0

2019-й год 2-й квартал
1.0 -0.626 -0.048 0.018 -0.914 -0.708 -0.782 0.639 0.491 -0.51 -0.104 -0.812 -0.282 -0.692 -0.5 -0.372 -0.236 -0.237
-0.626 1.0 0.635 0.105 0.577 0.439 0.697 -0.03 0.144 0.793 0.294 0.385 -0.226 0.639 0.54 0.694 0.63 0.305
-0.048 0.635 1.0 0.158 0.042 0.11 0.331 0.428 0.711 0.721 0.475 -0.151 -0.658 0.357 0.33 0.776 0.766 0.278
0.018 0.105 0.158 1.0 -0.029 -0.015 0.012 0.102 0.161 0.113 0.212 -0.008 -0.159 0.029 0.099 0.185 0.23 -0.002
-0.914 0.577 0.042 -0.029 1.0 0.829 0.876 -0.779 -0.5 0.575 0.005 0.887 0.372 0.805 0.62 0.353 0.239 0.39
-0.708 0.439 0.11 -0.015 0.829 1.0 0.802 -0.679 -0.262 0.583 0.175 0.765 0.298 0.815 0.452 0.492 0.317 0.453
-0.782 0.697 0.331 0.012 0.876 0.802 1.0 -0.594 -0.175 0.81 0.003 0.806 0.239 0.938 0.575 0.558 0.429 0.509
0.639 -0.03 0.428 0.102 -0.779 -0.679 -0.594 1.0 0.69 -0.152 0.259 -0.829 -0.643 -0.565 -0.418 0.091 0.166 -0.343
0.491 0.144 0.711 0.161 -0.5 -0.262 -0.175 0.69 1.0 0.28 0.477 -0.546 -0.704 -0.045 -0.025 0.512 0.597 0.15
-0.51 0.793 0.721 0.113 0.575 0.583 0.81 -0.152 0.28 1.0 0.175 0.438 -0.104 0.795 0.561 0.754 0.653 0.43
-0.104 0.294 0.475 0.212 0.005 0.175 0.003 0.259 0.477 0.175 1.0 -0.098 -0.64 0.115 0.228 0.701 0.655 0.147
-0.812 0.385 -0.151 -0.008 0.887 0.765 0.806 -0.829 -0.546 0.438 -0.098 1.0 0.532 0.784 0.469 0.269 0.17 0.362
-0.282 -0.226 -0.658 -0.159 0.372 0.298 0.239 -0.643 -0.704 -0.104 -0.64 0.532 1.0 0.207 -0.111 -0.46 -0.608 -0.086
-0.692 0.639 0.357 0.029 0.805 0.815 0.938 -0.565 -0.045 0.795 0.115 0.784 0.207 1.0 0.59 0.636 0.495 0.637
-0.5 0.54 0.33 0.099 0.62 0.452 0.575 -0.418 -0.025 0.561 0.228 0.469 -0.111 0.59 1.0 0.44 0.483 0.611
-0.372 0.694 0.776 0.185 0.353 0.492 0.558 0.091 0.512 0.754 0.701 0.269 -0.46 0.636 0.44 1.0 0.881 0.415
-0.236 0.63 0.766 0.23 0.239 0.317 0.429 0.166 0.597 0.653 0.655 0.17 -0.608 0.495 0.483 0.881 1.0 0.373
-0.237 0.305 0.278 -0.002 0.39 0.453 0.509 -0.343 0.15 0.43 0.147 0.362 -0.086 0.637 0.611 0.415 0.373 1.0

2019-й год 3-й квартал
1.0 -0.077 -0.09 -0.0 0.472 -0.691 0.762 0.002 -0.178 0.566 0.9 0.325 -0.364 0.869 0.798 0.892 0.686 0.586
-0.077 1.0 -0.578 0.0 -0.074 0.646 0.069 0.543 0.592 0.258 -0.114 0.611 0.595 -0.415 0.275 -0.124 0.032 -0.281
-0.09 -0.578 1.0 0.0 -0.006 -0.436 -0.229 -0.471 -0.237 -0.513 -0.026 -0.616 -0.503 0.178 -0.335 0.012 -0.207 0.277
-0.0 0.0 0.0 1.0 -0.0 -0.0 -0.0 0.0 0.0 0.0 0.0 -0.0 -0.0 0.0 -0.0 -0.0 -0.0 0.0
0.472 -0.074 -0.006 -0.0 1.0 -0.278 0.285 0.405 0.316 0.568 0.317 0.157 -0.434 0.486 0.534 0.353 0.41 0.28
-0.691 0.646 -0.436 -0.0 -0.278 1.0 -0.433 0.467 0.559 -0.067 -0.693 0.176 0.664 -0.865 -0.331 -0.724 -0.323 -0.662
0.762 0.069 -0.229 -0.0 0.285 -0.433 1.0 0.23 -0.037 0.639 0.758 0.346 -0.172 0.631 0.662 0.767 0.775 0.56
0.002 0.543 -0.471 0.0 0.405 0.467 0.23 1.0 0.712 0.63 0.017 0.347 0.148 -0.166 0.387 0.014 0.419 -0.021
-0.178 0.592 -0.237 0.0 0.316 0.559 -0.037 0.712 1.0 0.283 -0.185 0.122 0.2 -0.342 0.211 -0.18 0.124 -0.167
0.566 0.258 -0.513 0.0 0.568 -0.067 0.639 0.63 0.283 1.0 0.568 0.462 -0.158 0.452 0.771 0.529 0.653 0.321
0.9 -0.114 -0.026 0.0 0.317 -0.693 0.758 0.017 -0.185 0.568 1.0 0.208 -0.448 0.841 0.812 0.97 0.681 0.711
0.325 0.611 -0.616 -0.0 0.157 0.176 0.346 0.347 0.122 0.462 0.208 1.0 0.35 0.05 0.459 0.193 0.235 -0.135
-0.364 0.595 -0.503 -0.0 -0.434 0.664 -0.172 0.148 0.2 -0.158 -0.448 0.35 1.0 -0.63 -0.277 -0.457 -0.29 -0.535
0.869 -0.415 0.178 0.0 0.486 -0.865 0.631 -0.166 -0.342 0.452 0.841 0.05 -0.63 1.0 0.643 0.843 0.568 0.674
0.798 0.275 -0.335 -0.0 0.534 -0.331 0.662 0.387 0.211 0.771 0.812 0.459 -0.277 0.643 1.0 0.791 0.645 0.475
0.892 -0.124 0.012 -0.0 0.353 -0.724 0.767 0.014 -0.18 0.529 0.97 0.193 -0.457 0.843 0.791 1.0 0.691 0.794
0.686 0.032 -0.207 -0.0 0.41 -0.323 0.775 0.419 0.124 0.653 0.681 0.235 -0.29 0.568 0.645 0.691 1.0 0.591
0.586 -0.281 0.277 0.0 0.28 -0.662 0.56 -0.021 -0.167 0.321 0.711 -0.135 -0.535 0.674 0.475 0.794 0.591 1.0

2019-й год 4-й квартал
1.0 0.611 0.241 0.77 0.506 -0.547 0.796 0.58 0.867 0.838 0.776 -0.587 0.744 0.875 0.687 0.721 0.654 0.809
0.611 1.0 0.559 0.727 0.803 -0.725 0.778 0.894 0.824 0.898 0.109 -0.285 0.286 0.654 0.613 0.364 0.804 0.643
0.241 0.559 1.0 0.307 0.649 -0.419 0.252 0.57 0.29 0.376 -0.104 0.394 -0.26 0.272 0.506 0.325 0.616 -0.019
0.77 0.727 0.307 1.0 0.485 -0.532 0.907 0.632 0.807 0.824 0.416 -0.495 0.542 0.738 0.575 0.511 0.657 0.738
0.506 0.803 0.649 0.485 1.0 -0.797 0.549 0.818 0.627 0.766 0.098 0.051 0.097 0.601 0.674 0.471 0.855 0.389
-0.547 -0.725 -0.419 -0.532 -0.797 1.0 -0.615 -0.688 -0.6 -0.729 -0.151 0.096 -0.288 -0.561 -0.533 -0.348 -0.72 -0.454
0.796 0.778 0.252 0.907 0.549 -0.615 1.0 0.672 0.85 0.889 0.456 -0.496 0.565 0.816 0.571 0.54 0.705 0.781
0.58 0.894 0.57 0.632 0.818 -0.688 0.672 1.0 0.783 0.835 0.116 -0.221 0.211 0.628 0.731 0.329 0.87 0.534
0.867 0.824 0.29 0.807 0.627 -0.6 0.85 0.783 1.0 0.937 0.557 -0.662 0.686 0.8 0.61 0.593 0.74 0.891
0.838 0.898 0.376 0.824 0.766 -0.729 0.889 0.835 0.937 1.0 0.464 -0.491 0.538 0.871 0.735 0.614 0.831 0.817
0.776 0.109 -0.104 0.416 0.098 -0.151 0.456 0.116 0.557 0.464 1.0 -0.562 0.729 0.708 0.448 0.787 0.296 0.61
-0.587 -0.285 0.394 -0.495 0.051 0.096 -0.496 -0.221 -0.662 -0.491 -0.562 1.0 -0.857 -0.439 -0.094 -0.233 -0.077 -0.842
0.744 0.286 -0.26 0.542 0.097 -0.288 0.565 0.211 0.686 0.538 0.729 -0.857 1.0 0.556 0.176 0.458 0.188 0.86
0.875 0.654 0.272 0.738 0.601 -0.561 0.816 0.628 0.8 0.871 0.708 -0.439 0.556 1.0 0.789 0.781 0.72 0.722
0.687 0.613 0.506 0.575 0.674 -0.533 0.571 0.731 0.61 0.735 0.448 -0.094 0.176 0.789 1.0 0.637 0.836 0.422
0.721 0.364 0.325 0.511 0.471 -0.348 0.54 0.329 0.593 0.614 0.787 -0.233 0.458 0.781 0.637 1.0 0.573 0.532
0.654 0.804 0.616 0.657 0.855 -0.72 0.705 0.87 0.74 0.831 0.296 -0.077 0.188 0.72 0.836 0.573 1.0 0.474
0.809 0.643 -0.019 0.738 0.389 -0.454 0.781 0.534 0.891 0.817 0.61 -0.842 0.86 0.722 0.422 0.532 0.474 1.0
